$pamobject
Medoids:
       ID Total.Spill.Volume..GL. Minimum.System.Storage..GL. Total.Cost....million.
 [1,] 244                500.0214                    428.2476               5502.285
 [2,] 219                339.1829                    344.0320               5207.247
 [3,] 643                315.4427                    304.9706               5340.158
 [4,] 432                417.5952                    423.1237               5510.901
 [5,]  71                305.7917                    159.0019               5276.764
 [6,] 348                426.0989                    404.5094               5421.166
 [7,] 667                306.8723                    266.2498               5458.502
 [8,] 603                306.9276                    209.0487               5350.455
 [9,] 510                373.3797                    378.8304               5318.237
[10,] 139                317.7403                    268.0486               5234.562
Clustering vector:
  [1]  1  2  1  3  1  4  5  6  7  2  1  5  1  6  5  1  1  1  2  2  1  7  6  6  1  6  1  6  2  3  5  7  8  9  8  3  9  9  2  2  5  6  9  9  4  6 10  4  1  1  3  2  5  7
 [55]  7  9  6  6  6  4  4  9 10 10  5  3  9  2 10  8  5  4  8  8  2  8 10  1  6  9  6  2  6  6  2  1  8  6  7  2  4  3  8  7  7  8  5  2  8 10  6  5  4  9  1  5  8  3
[109]  7  2  3  4  9  4  1  6  4  7  5  9  8  5  6  2  2  7  5  3  5  3  5  6  8  3  7  7  1  1 10  4  2  1  7  5  1  5  2  6  6  5 10  1  4 10  1  6  9  1  6  8  7  1
[163]  6  3  2  6  2  1  6  1  1  1  1  1  8  2  9  9  9  7  5 10  3  3  1  3  3  6  5  6  4  6  2  1  5 10  1  6  9  5  1 10  5  2  1 10  1 10  5  1  9  2  3  6  1  3
[217]  3  9  2  5  7 10  9  5  6  1  1  2  2  4  6  2  6  5  6  5  9  9  6  9  4  7 10  1  3  4  2 10  3  9  2 10  6  5  2  6  1  5  5  6  2  4  5  1  3  8  6  5  1  8
[271]  3  5  6 10  2  9  2  1  6  4  1  2  2  5  1  2  8  4  3  6  1  1  1  1  1  1  1  9  4  1  9  3  6  8  3  2 10 10 10  7  5  1  2  2  2 10  5  1  1  8  7  6  3  6
[325]  2  3  3  6  2  5  4  8  2  8  6  1  4  5  4  8  8  9  2  4  8  5  2  6  6  4 10  1  9  7  7  5  2 10  8 10 10  5  4  8  9  6  9  6  8  6  7  4  6  2  1  9  7  4
[379] 10  5  2  9  4  6  2  8  6  6  9  8 10  6  6  7  5  1  2  5  8  9  7  1  6  5  7  2  1  1  4  8  6  8  3 10  9  1  6  5  3  2  9  7  1  6  6  2  4  2  5  9  1  4
[433]  5  1  9  5  9  5 10  3  1  3 10  3  9  5  4  2  9  2  9  6  5  6  6 10  6 10  2  7  5  5  5  8  1  9  9 10  5  6  4  2  1  4  2  5  6 10  6  3  2  9  3  9  9  8
[487]  7  1  3  7  5  5  6  1  1  8  1  2  5 10  8  3  4  2  8  6  9 10 10  9  8  7  8  3  6  6  7  7  3  5  5  8  8  7  1  7  2  1  8 10  6  2  8  3  2  6  8  6  2  4
[541]  5  2  5  6  4  5  2  4  1  3  5  2  4  1  2  7  5  1  9  4  1  6  4  9  1  6  3  1  2  4  5  2  2 10  7  2  1  9  6  8  8  8 10 10  9 10  1  8  5  6  6  6  9  1
[595]  7  8  4  8  7  3  2  1  8  1  3  9  4  5  8  8  6  2  1  6  7  7  1  6  1  5  9  6  6  1  1  7  6  8  1  5  1  3  9  2  1  5  7  6  3  8  1  3  3  4  6  6  6 10
[649]  5  2  2  5  5  6  1  7 10  6  6  7  7  7  6  1  7  8  7  2  5  2  8  4  2  4  8  3  1
Objective function:
   build     swap 
34.07176 31.03674 

Available components:
 [1] "medoids"    "id.med"     "clustering" "objective"  "isolation"  "clusinfo"   "silinfo"    "diss"       "call"       "data"      

$nc
[1] 10

$crit
 [1] 0.0000000 0.0000000 0.0000000 0.0000000 0.0000000 0.0000000 0.0000000 0.0000000 0.0000000 0.5139507 0.5019063 0.5047401 0.4741199 0.4619465 0.4638731 0.4570611
[17] 0.4498284 0.4477827 0.4384971 0.4213049

