$pamobject
Medoids:
       ID NPI2.Threshold NPI2.Flow.Threshold NPI.Threshold NPI.Flow.Threshold Brisbane.to.Nth.Pine.Threshold Brisbane.to.Nth.Pine.Flow.Threshold
 [1,] 296      0.9466481           0.6575297     0.9226224          0.9910804                      0.6598169                        0.0487186391
 [2,]  75      0.8350061           0.8827175     0.9081935          0.3646400                      0.3440948                        0.0014298713
 [3,] 441      0.8775555           0.6345448     0.9385805          0.9974286                      0.3398899                        0.0253026932
 [4,] 442      0.8998829           0.7329593     0.8682295          0.5626730                      0.3993185                        0.0001484614
 [5,] 659      0.8833756           0.8165497     0.9485821          0.9991674                      0.3949854                        0.0003464202
 [6,]  12      0.8868213           0.9999963     0.8757299          0.9456802                      0.2988254                        0.5180613032
 [7,] 464      0.9898726           0.9144942     0.7797112          0.9997093                      0.6637682                        0.5731232462
 [8,] 448      0.9561354           0.8155844     0.9802214          0.9998567                      0.5958788                        0.0049540247
 [9,] 642      0.9659675           0.6842385     0.9814329          0.4788391                      0.3500088                        0.0001958970
[10,] 376      0.8593873           0.7187804     0.9344111          0.9998625                      0.2259231                        0.0037132906
      Maroochy.to.Baroon.Threshold Ewen.Maddock.to.Baroon.Threshold EPI.Threshold EPI.Flow.Threshold SPI.Threshold SPI.Flow.Threshold PRW.Threshold
 [1,]                    0.9684406                        0.7829742     0.3376394          0.8178496     0.6612512        0.001525366   0.823954422
 [2,]                    0.8914841                        0.7807794     0.5776142          0.3350435     0.6867453        0.005671974   0.002150572
 [3,]                    0.7919132                        0.9792132     0.4099131          0.7816034     0.5994830        0.037829812   0.847483365
 [4,]                    0.7840385                        0.9893536     0.5859452          0.5627744     0.2975928        0.421120204   0.600154485
 [5,]                    0.9459330                        0.8916542     0.4432281          0.7758257     0.5232401        0.009173464   0.775673582
 [6,]                    0.9396451                        0.8583475     0.2578301          0.7981109     0.6660600        0.628524895   0.514238560
 [7,]                    0.9174081                        0.9783739     0.4490674          0.7933648     0.6806438        0.864055797   0.996110889
 [8,]                    0.9772817                        0.8873260     0.2757784          0.3888647     0.5481058        0.009227410   0.510663773
 [9,]                    0.8669385                        0.7960066     0.3646208          0.5635696     0.7899552        0.791237782   0.754418999
[10,]                    0.8890165                        0.8647288     0.4549519          0.8594113     0.4930245        0.017643289   0.924996825
      Desalination.1.3.Production.Threshold Desalination.2.3.Production.Threshold Desalination.Full.Production.Threshold Total.Spill.Volume..GL.
 [1,]                            0.15216005                            0.50643439                             0.55386769               0.1732367
 [2,]                            0.17478256                            0.03530320                             0.01842726               0.8883158
 [3,]                            0.87997710                            0.53182445                             0.31252509               0.2956122
 [4,]                            0.29868737                            0.21220323                             0.12184523               0.9357812
 [5,]                            0.11181851                            0.62356314                             0.20482756               0.3221997
 [6,]                            0.07631708                            0.11978789                             0.03261934               0.9954786
 [7,]                            0.11765878                            0.21074366                             0.01507812               0.9985420
 [8,]                            0.18092989                            0.19937873                             0.12064313               0.7586458
 [9,]                            0.25365582                            0.10239796                             0.03114919               0.9415249
[10,]                            0.59728861                            0.03048574                             0.19248867               0.6288896
      Minimum.System.Storage..GL. Total.Cost....million.
 [1,]                  0.96824217              0.1028224
 [2,]                  0.65266953              0.9556012
 [3,]                  0.93257831              0.1627463
 [4,]                  0.57327222              0.5141612
 [5,]                  0.91054904              0.3408719
 [6,]                  0.09250258              0.7079106
 [7,]                  0.26050357              0.5138464
 [8,]                  0.74807034              0.8536271
 [9,]                  0.51188161              0.6469014
[10,]                  0.82155986              0.6002129
Clustering vector:
  [1]  1  2  3  4  5  3  6  3  7  8  3  6  1  5  6  1  1  5  8  9  3  7  3  3  3  3  5  3  8  9  7  7  7 10  6  4 10 10  8  8  6  5  8  8  3  3  9  5  3  1  4  8  7  7
 [55]  7 10  5  3  8  3  1 10  8  6  6  9 10  8  9  6  6  1  6  6  2  7  9  5  3 10  5  2  5  3  8  3  6  5  7  8  1  9  6  4  7  6  6  8  7  6  5  6  3  8  1  6  6  4
[109]  7  2  9  3 10  1  5  3  5  7  6 10  6  6  5  8  8  7  6  9  7  9  6  5  6  4  7  7  3  1  9  5  2  1  6  6  3  6  2  5  5  6  4  3  5  2  1  5 10  1  3  4  4  3
[163]  5  4  2  3  8  1 10  5  1  1  1  5  4  2 10 10 10  4  6  4  4  4  1  4  4 10  6  5  3  5  2  3  6  2  5  5 10  6  1  2  6  2  3  2  1  4  6  5  8  2  4  5  5  4
[217]  4  8  8  6  4  9 10  6 10  1  1  2  8  1  5  2 10  6  5  6 10 10  5 10  1  7  2  1  9  5  2  6  4 10  8  6  5  6  8 10  5  6  6  3  2  1  6  5  4  6  5  6  3  6
[271]  4  6  5  2  8 10  2  3  5  5  5  8  8  6  1  2  6  1  9  5  1  5  5  3  5  1  5 10  3  5 10  4  5  6  9  2  8  2  2  9  7  3  2  2  8  4  6  5  5  6  7  5  9  5
[325]  8  9  4  5  8  7  5  6  2  6  5  5  5  6  5  6  6 10  2  5  4  6  8  5  5  1  2  5 10  7  7  6  8  9  6  2  2  6  5  6 10  3  8  5  6  5  4  5  5  8  5 10  9 10
[379]  8  6  2 10  9  5  8  7  5  5 10  7  9  1  5  4  6  5  8  6  7  8  7  5  5  6  6  2  1  1  5  7  3  7  9  2 10  1  3  7  4  8 10  7  1  5  5  2  1  2  7 10  1  3
[433]  6  1 10  7 10  7  2  9  3  4  4  4  4  7  3  8 10  2 10  5  6  3  3  4  1  4  8  4  7  7  7  7  5 10  8  8  7  1  3  2  3  1  4  7 10  8  3  9 10  3  4 10  8  7
[487]  7  3  4  4  7  7  3  3  5  7  1  8  6  8  6  9  1  2  7  3 10  4  2 10  7  7  7  9  4  3  7  7  4  6  7  7  9  7  3  7  8  1  6  2  5  9  6  4  2  5  6  5  8  1
[541]  6  2  7  5  5  6  8  1  1  9  6  8  1  5  8  7  6  3 10  1  5  5  1 10  3  5  9  3  2  5  7  9  8  9  7  2  1 10  5  6  6  7  8  4 10  9  5  6  6  5  5  5 10  5
[595]  4  7  5  6  6  4  2  1  6  1  9 10  1  6  6  7  5  8  1  3  7  6  3  5  1  6 10  5  3  3  1  7  5  7  1  6  1  9 10  2  1  6  6  5  4  6  5  9  9  5  8  3  5  8
[649]  6  2  8  6  6  5  3  6  9  5  5  6  7  7  5  5  6  6  4  8  6  8  6  5  8  5  6  9  3
Objective function:
    build      swap 
0.7567303 0.7518808 

Available components:
 [1] "medoids"    "id.med"     "clustering" "objective"  "isolation"  "clusinfo"   "silinfo"    "diss"       "call"       "data"      

$nc
[1] 10

$crit
 [1] 0.00000000 0.00000000 0.00000000 0.00000000 0.00000000 0.00000000 0.00000000 0.00000000 0.00000000 0.11361077 0.11241687 0.10448246 0.10905919 0.09249965
[15] 0.09206983 0.09221764 0.08783037 0.08560339 0.08301795 0.08638161

