$pamobject
Medoids:
       ID NPI2.Threshold NPI2.Flow.Threshold NPI.Threshold NPI.Flow.Threshold Brisbane.to.Nth.Pine.Threshold Brisbane.to.Nth.Pine.Flow.Threshold
 [1,] 296      0.9466481           0.6575297     0.9226224          0.9910804                      0.6598169                        0.0487186391
 [2,]  75      0.8350061           0.8827175     0.9081935          0.3646400                      0.3440948                        0.0014298713
 [3,] 477      0.7986466           0.8244196     0.9592907          0.8235137                      0.3165538                        0.0470481104
 [4,] 391      0.7279056           0.7602541     0.8874821          0.3863680                      0.2872006                        0.0062495034
 [5,] 659      0.8833756           0.8165497     0.9485821          0.9991674                      0.3949854                        0.0003464202
 [6,] 356      0.7272325           0.6878327     0.8912430          0.9980607                      0.6616186                        0.5253828590
 [7,]  12      0.8868213           0.9999963     0.8757299          0.9456802                      0.2988254                        0.5180613032
 [8,] 374      0.9484776           0.8521476     0.9992383          0.8834977                      0.3681453                        0.0625016978
 [9,] 519      0.8998829           0.4372114     0.9435688          0.5626730                      0.4076955                        0.0108028382
[10,] 511      0.9770958           0.9144942     0.9927682          0.9983059                      0.5414482                        0.5003774657
      Maroochy.to.Baroon.Threshold Ewen.Maddock.to.Baroon.Threshold EPI.Threshold EPI.Flow.Threshold SPI.Threshold SPI.Flow.Threshold PRW.Threshold
 [1,]                    0.9684406                        0.7829742    0.33763944          0.8178496     0.6612512        0.001525366   0.823954422
 [2,]                    0.8914841                        0.7807794    0.57761425          0.3350435     0.6867453        0.005671974   0.002150572
 [3,]                    0.9259051                        0.9792132    0.40595923          0.7816034     0.5994830        0.113703161   0.845578330
 [4,]                    0.9737222                        0.9461377    0.70042411          0.7944203     0.5398933        0.757588565   0.793456747
 [5,]                    0.9459330                        0.8916542    0.44322805          0.7758257     0.5232401        0.009173464   0.775673582
 [6,]                    0.9241641                        0.9476551    0.52099203          0.7134533     0.6695167        0.464883702   0.623104301
 [7,]                    0.9396451                        0.8583475    0.25783011          0.7981109     0.6660600        0.628524895   0.514238560
 [8,]                    0.9544278                        0.9816072    0.09187618          0.7788052     0.6326568        0.009093507   0.827211137
 [9,]                    0.9521389                        0.9633245    0.30483555          0.4436038     0.4645896        0.421939528   0.602081944
[10,]                    0.8786748                        0.9992159    0.53641974          0.5878345     0.6583282        0.850714280   0.999940777
      Desalination.1.3.Production.Threshold Desalination.2.3.Production.Threshold Desalination.Full.Production.Threshold
 [1,]                            0.15216005                            0.50643439                            0.553867691
 [2,]                            0.17478256                            0.03530320                            0.018427255
 [3,]                            0.88291412                            0.36611430                            0.237790191
 [4,]                            0.06834245                            0.12955376                            0.079996246
 [5,]                            0.11181851                            0.62356314                            0.204827563
 [6,]                            0.10289615                            0.03080232                            0.058928981
 [7,]                            0.07631708                            0.11978789                            0.032619340
 [8,]                            0.18154117                            0.09675685                            0.096178346
 [9,]                            0.31209594                            0.11481753                            0.071006391
[10,]                            0.18065376                            0.20326880                            0.005534108
Clustering vector:
  [1]  1  2  3  4  5  3  6  3  7  8  3  7  5  5  7  1  1  5  8  9  3  6  3  3  3  3  5  3  8  4  6  7 10  3  7  9  3  8  8  8  7  5  1  8  3  3  4  5  3  1  4  2  6  7
 [55]  6  3  1  3  3  3  1  8  8  7  6  4  3  8  9  7  7  1  6  7  2 10  9  5  3  3  5  2  5  3  8  3  7  5  6  5  1  9  6  9 10  7  7  8  6  7  5  7  3  3  1  6  7  9
[109] 10  2  9  3  3  1  5  3  5  7  6  3  6  6  5  8  6  6  7  7  6  9  7  5  6  4 10  6  3  1  9  5  2  1  7  7  3  7  2  5  1  7  2  5  5  2  1  5  8  1  3  6  6  3
[163]  1  4  2  3  8  1  3  5  1  8  8  5  6  2  3  3  3  9  7  4  9  9  3  2  4  3  7  5  3  5  2  3  7  2  8  5  3  7  1  2  7  2  3  2  1  4  6  5  8  2  4  5  5  9
[217]  4  8  8  7  9  4  3  7  3  1  1  2  8  5  5  2  3  7  5  6  3  3  5  8  1 10  2  5  9  5  2  8  9  8  8  7  5  7  8  3  5  7  7  3  2  1  7  5  4  7  5  6  3  7
[271]  9  8  5  2  8  3  2  3  5  5  5  8  8  7  1  2  7  1  4  5  1  5  5  1  5  1  5  8  3  5  8  8  5  7  4  2  7  2  2  4  6  3  2  2  8  9  7  5  5  7  6  5  4  5
[325]  8  4  9  5  2 10  5  7  2  7  5  5  5  7  5  6  7  8  2  5  9  7  8  5  5  1  2  5  2  6 10  6  8  9  7  2  2  6  5  7  5  3  8  5  7  5  4  5  5  8  5  3  4  3
[379]  8  7  2  3  6  5  8  6  5  5  3  6  4  1  5  4  7  5  5  7  6  5  7  5  5  7  7  2  1  1  5 10  3 10  4  9  3  1  3 10  6  2  3 10  1  5  5  2  1  2  6  3  1  3
[433]  7  1  3  6  1  6  2  4  3  9  4  9  9 10  3  8  3  2  3  5  6  3  3  9  1  4  8  9  7 10 10 10  5  3  1  6  6  1  3  2  3  1  9  6  3  6  3  4  8  3  4  3  8 10
[487] 10  3  9  9  6 10  3  3  5  6  1  2  7  6  6  9  1  2  6  3  3  9  9  3 10 10  6  9  8  3  6 10  9  6 10  6  4 10  1 10  5  1  7  2  5  8  7  9  2  8  7  5  8  1
[541]  7  2 10  5  5  7  1  1  1  4  7  8  1  5  6 10  7  5  8  1  5  5  1  9  3  5  7  3  2  5 10  9  8  9  6  2  1  9  5  7 10 10  8  4  3  4  5  7  7  5  5  5  8  5
[595] 10  6  5  7  7  4  2  1  7  1  9  8  1  6  7  6  1  8  5  3 10  7  3  5  1  7  3  5  3  5  5 10  5 10  1  7  1  9  8  2  1  7 10  5  4  7  5  4  9  5  8  3  5  6
[649]  7  2  8  7  7  5  3  7  9  5  5  7 10 10  1  5  7  7  7  8  7  8  6  5  8  5  6  4  5
Objective function:
    build      swap 
0.7056409 0.7044727 

Available components:
 [1] "medoids"    "id.med"     "clustering" "objective"  "isolation"  "clusinfo"   "silinfo"    "diss"       "call"       "data"      

$nc
[1] 10

$crit
 [1] 0.00000000 0.00000000 0.00000000 0.00000000 0.00000000 0.00000000 0.00000000 0.00000000 0.00000000 0.10681658 0.10599047 0.10369752 0.09731630 0.09186609
[15] 0.09404269 0.09517684 0.09406414 0.09042809 0.08345782 0.08377360

